[days]
everyday=0,1,2,3,4,5,6;ika_bohag,eco,cont_port,cont_port_fr,bcp,wgcc,nbfc,petrol
everyday=0,1,2,3,4,5,6;marina,marina_fr,eurogoodies
everyday=0,1,2,3,4,5,6
everyday=0,1,2,3,4,5,6
everyday=0,1,2,3,4,5,6
everyday=0,1,2,3,4,5,6
everyday=0,1,2,3,4,5,6
everyday=0,1,2,3,4,5,6
everyday=0,1,2,3,4,5,6
everyday=0,1,2,3,4,5,6
everyday=0,1,2,3,4,5,6
everyday=0,1,2,3,4,5,6
everyday=0,1,2,3,4,5,6
on weekdays=0,1,2,3,4;chimi,nucleon,aria_fd_albg,aria_fd_esbj,aria_fd_jnpg,aria_fd_trbg
on weekdays=0,1,2,3,4;bona_terra,bhv
on weekdays=0,1,2,3,4
weekends=5,6

[hours]
24-hour=0,1,2,3,4,5,6,7,8,9,10,11,12,13,14,15,16,17,18,19,20,21,22,23;ika_bohag,cont_port,cont_port_fr
24-hour=0,1,2,3,4,5,6,7,8,9,10,11,12,13,14,15,16,17,18,19,20,21,22,23
24-hour=0,1,2,3,4,5,6,7,8,9,10,11,12,13,14,15,16,17,18,19,20,21,22,23
24-hour=0,1,2,3,4,5,6,7,8,9,10,11,12,13,14,15,16,17,18,19,20,21,22,23
24-hour=0,1,2,3,4,5,6,7,8,9,10,11,12,13,14,15,16,17,18,19,20,21,22,23
24-hour=0,1,2,3,4,5,6,7,8,9,10,11,12,13,14,15,16,17,18,19,20,21,22,23
24-hour=0,1,2,3,4,5,6,7,8,9,10,11,12,13,14,15,16,17,18,19,20,21,22,23
24-hour=0,1,2,3,4,5,6,7,8,9,10,11,12,13,14,15,16,17,18,19,20,21,22,23
24-hour=0,1,2,3,4,5,6,7,8,9,10,11,12,13,14,15,16,17,18,19,20,21,22,23
24-hour=0,1,2,3,4,5,6,7,8,9,10,11,12,13,14,15,16,17,18,19,20,21,22,23
24-hour=0,1,2,3,4,5,6,7,8,9,10,11,12,13,14,15,16,17,18,19,20,21,22,23
24-hour=0,1,2,3,4,5,6,7,8,9,10,11,12,13,14,15,16,17,18,19,20,21,22,23
24-hour=0,1,2,3,4,5,6,7,8,9,10,11,12,13,14,15,16,17,18,19,20,21,22,23
24-hour=0,1,2,3,4,5,6,7,8,9,10,11,12,13,14,15,16,17,18,19,20,21,22,23
24-hour=0,1,2,3,4,5,6,7,8,9,10,11,12,13,14,15,16,17,18,19,20,21,22,23
24-hour=0,1,2,3,4,5,6,7,8,9,10,11,12,13,14,15,16,17,18,19,20,21,22,23
24-hour=0,1,2,3,4,5,6,7,8,9,10,11,12,13,14,15,16,17,18,19,20,21,22,23
24-hour=0,1,2,3,4,5,6,7,8,9,10,11,12,13,14,15,16,17,18,19,20,21,22,23
24-hour=0,1,2,3,4,5,6,7,8,9,10,11,12,13,14,15,16,17,18,19,20,21,22,23
24-hour=0,1,2,3,4,5,6,7,8,9,10,11,12,13,14,15,16,17,18,19,20,21,22,23
24-hour=0,1,2,3,4,5,6,7,8,9,10,11,12,13,14,15,16,17,18,19,20,21,22,23
24-hour=0,1,2,3,4,5,6,7,8,9,10,11,12,13,14,15,16,17,18,19,20,21,22,23
24-hour=0,1,2,3,4,5,6,7,8,9,10,11,12,13,14,15,16,17,18,19,20,21,22,23
24-hour=0,1,2,3,4,5,6,7,8,9,10,11,12,13,14,15,16,17,18,19,20,21,22,23
24-hour=0,1,2,3,4,5,6,7,8,9,10,11,12,13,14,15,16,17,18,19,20,21,22,23
24-hour=0,1,2,3,4,5,6,7,8,9,10,11,12,13,14,15,16,17,18,19,20,21,22,23
24-hour=0,1,2,3,4,5,6,7,8,9,10,11,12,13,14,15,16,17,18,19,20,21,22,23
24-hour=0,1,2,3,4,5,6,7,8,9,10,11,12,13,14,15,16,17,18,19,20,21,22,23
24-hour=0,1,2,3,4,5,6,7,8,9,10,11,12,13,14,15,16,17,18,19,20,21,22,23
24-hour=0,1,2,3,4,5,6,7,8,9,10,11,12,13,14,15,16,17,18,19,20,21,22,23
24-hour=0,1,2,3,4,5,6,7,8,9,10,11,12,13,14,15,16,17,18,19,20,21,22,23
24-hour=0,1,2,3,4,5,6,7,8,9,10,11,12,13,14,15,16,17,18,19,20,21,22,23
24-hour=0,1,2,3,4,5,6,7,8,9,10,11,12,13,14,15,16,17,18,19,20,21,22,23
24-hour=0,1,2,3,4,5,6,7,8,9,10,11,12,13,14,15,16,17,18,19,20,21,22,23
24-hour=0,1,2,3,4,5,6,7,8,9,10,11,12,13,14,15,16,17,18,19,20,21,22,23
24-hour=0,1,2,3,4,5,6,7,8,9,10,11,12,13,14,15,16,17,18,19,20,21,22,23
24-hour=0,1,2,3,4,5,6,7,8,9,10,11,12,13,14,15,16,17,18,19,20,21,22,23
24-hour=0,1,2,3,4,5,6,7,8,9,10,11,12,13,14,15,16,17,18,19,20,21,22,23
24-hour=0,1,2,3,4,5,6,7,8,9,10,11,12,13,14,15,16,17,18,19,20,21,22,23
24-hour=0,1,2,3,4,5,6,7,8,9,10,11,12,13,14,15,16,17,18,19,20,21,22,23
24-hour=0,1,2,3,4,5,6,7,8,9,10,11,12,13,14,15,16,17,18,19,20,21,22,23
24-hour=0,1,2,3,4,5,6,7,8,9,10,11,12,13,14,15,16,17,18,19,20,21,22,23
24-hour=0,1,2,3,4,5,6,7,8,9,10,11,12,13,14,15,16,17,18,19,20,21,22,23
24-hour=0,1,2,3,4,5,6,7,8,9,10,11,12,13,14,15,16,17,18,19,20,21,22,23
24-hour=0,1,2,3,4,5,6,7,8,9,10,11,12,13,14,15,16,17,18,19,20,21,22,23
24-hour=0,1,2,3,4,5,6,7,8,9,10,11,12,13,14,15,16,17,18,19,20,21,22,23
24-hour=0,1,2,3,4,5,6,7,8,9,10,11,12,13,14,15,16,17,18,19,20,21,22,23
24-hour=0,1,2,3,4,5,6,7,8,9,10,11,12,13,14,15,16,17,18,19,20,21,22,23
24-hour=0,1,2,3,4,5,6,7,8,9,10,11,12,13,14,15,16,17,18,19,20,21,22,23
24-hour=0,1,2,3,4,5,6,7,8,9,10,11,12,13,14,15,16,17,18,19,20,21,22,23
24-hour=0,1,2,3,4,5,6,7,8,9,10,11,12,13,14,15,16,17,18,19,20,21,22,23
24-hour=0,1,2,3,4,5,6,7,8,9,10,11,12,13,14,15,16,17,18,19,20,21,22,23
between 0 and 6=0,1,2,3,4,5
between 0 and 6=0,1,2,3,4,5
between 6 and 10=6,7,8,9
between 8 and 12=8,9,10,11
between 8 and 20=8,9,10,11,12,13,14,15,16,17,18,19;chimi,nucleon,posped,trameri,bcp,wgcc,nbfc,volvo_fac,scania_fac
between 8 and 20=8,9,10,11,12,13,14,15,16,17,18,19;batisse_road,bhv
between 8 and 20=8,9,10,11,12,13,14,15,16,17,18,19
between 8 and 20=8,9,10,11,12,13,14,15,16,17,18,19
between 8 and 20=8,9,10,11,12,13,14,15,16,17,18,19
between 8 and 20=8,9,10,11,12,13,14,15,16,17,18,19
between 8 and 20=8,9,10,11,12,13,14,15,16,17,18,19
between 8 and 20=8,9,10,11,12,13,14,15,16,17,18,19
between 8 and 20=8,9,10,11,12,13,14,15,16,17,18,19
between 8 and 20=8,9,10,11,12,13,14,15,16,17,18,19
between 8 and 20=8,9,10,11,12,13,14,15,16,17,18,19
between 8 and 20=8,9,10,11,12,13,14,15,16,17,18,19
between 8 and 20=8,9,10,11,12,13,14,15,16,17,18,19
between 8 and 20=8,9,10,11,12,13,14,15,16,17,18,19
between 8 and 20=8,9,10,11,12,13,14,15,16,17,18,19
between 8 and 20=8,9,10,11,12,13,14,15,16,17,18,19
between 8 and 20=8,9,10,11,12,13,14,15,16,17,18,19
between 8 and 20=8,9,10,11,12,13,14,15,16,17,18,19
between 8 and 20=8,9,10,11,12,13,14,15,16,17,18,19
between 8 and 20=8,9,10,11,12,13,14,15,16,17,18,19
between 8 and 20=8,9,10,11,12,13,14,15,16,17,18,19
between 8 and 20=8,9,10,11,12,13,14,15,16,17,18,19
between 8 and 20=8,9,10,11,12,13,14,15,16,17,18,19
between 8 and 20=8,9,10,11,12,13,14,15,16,17,18,19
between 8 and 20=8,9,10,11,12,13,14,15,16,17,18,19
between 8 and 20=8,9,10,11,12,13,14,15,16,17,18,19
between 8 and 20=8,9,10,11,12,13,14,15,16,17,18,19
between 8 and 20=8,9,10,11,12,13,14,15,16,17,18,19
between 8 and 20=8,9,10,11,12,13,14,15,16,17,18,19
between 8 and 20=8,9,10,11,12,13,14,15,16,17,18,19
between 8 and 20=8,9,10,11,12,13,14,15,16,17,18,19
between 8 and 20=8,9,10,11,12,13,14,15,16,17,18,19
between 8 and 20=8,9,10,11,12,13,14,15,16,17,18,19
between 8 and 20=8,9,10,11,12,13,14,15,16,17,18,19
between 8 and 20=8,9,10,11,12,13,14,15,16,17,18,19
between 8 and 20=8,9,10,11,12,13,14,15,16,17,18,19
between 8 and 20=8,9,10,11,12,13,14,15,16,17,18,19
between 8 and 20, break from 12 to 13=8,9,10,11,13,14,15,16,17,18,19;eco,petrol
between 8 and 20, break from 12 to 13=8,9,10,11,13,14,15,16,17,18,19;kaarfor,sellplan,eurogoodies
between 8 and 20, break from 12 to 13=8,9,10,11,13,14,15,16,17,18,19
between 8 and 20, break from 12 to 13=8,9,10,11,13,14,15,16,17,18,19
between 8 and 20, break from 12 to 13=8,9,10,11,13,14,15,16,17,18,19
between 8 and 20, break from 12 to 13=8,9,10,11,13,14,15,16,17,18,19
between 8 and 20, break from 12 to 13=8,9,10,11,13,14,15,16,17,18,19
between 8 and 20, break from 12 to 13=8,9,10,11,13,14,15,16,17,18,19
between 8 and 20, break from 12 to 13=8,9,10,11,13,14,15,16,17,18,19
between 8 and 20, break from 12 to 13=8,9,10,11,13,14,15,16,17,18,19
between 8 and 20, break from 12 to 13=8,9,10,11,13,14,15,16,17,18,19
between 8 and 20, break from 12 to 13=8,9,10,11,13,14,15,16,17,18,19
between 8 and 20, break from 12 to 13=8,9,10,11,13,14,15,16,17,18,19
between 8 and 20, break from 12 to 13=8,9,10,11,13,14,15,16,17,18,19
between 9 and 12=9,10,11
between 9 and 18=9,10,11,12,13,14,15,16,17
between 9 and 18=9,10,11,12,13,14,15,16,17
between 9 and 18=9,10,11,12,13,14,15,16,17
between 9 and 18=9,10,11,12,13,14,15,16,17
between 9 and 18=9,10,11,12,13,14,15,16,17
between 9 and 18, break from 13 to 14=9,10,11,12,14,15,16,17;aria_fd_albg,aria_fd_esbj,aria_fd_jnpg,aria_fd_trbg
between 9 and 18, break from 13 to 14=9,10,11,12,14,15,16,17;bona_terra
between 9 and 18, break from 13 to 14=9,10,11,12,14,15,16,17
between 9 and 18, break from 13 to 14=9,10,11,12,14,15,16,17
between 10 and 16=10,11,12,13,14,15
between 10 and 16=10,11,12,13,14,15;marina,marina_fr
between 10 and 16=10,11,12,13,14,15
between 12 and 15=12,13,14
between 16 and 20=16,17,18,19
between 18 and 24=18,19,20,21,22,23,0
between 20 and 8=20,21,22,23,0,1,2,3,4,5,6,7
unloading time specify on arrival=8,9,10,11,12*
unloading time specify on arrival=13,14,15,16*
